spectra = [0.0309    0.0134    0.0060    0.0089    0.0109    0.0162    0.0039    0.0868    0.5208    0.2318;
    0.0314    0.0134    0.0061    0.0090    0.0108    0.0163    0.0038    0.0867    0.5155    0.2288;
    0.0310    0.0135    0.0062    0.0092    0.0110    0.0161    0.0037    0.0856    0.5104    0.2287;
    0.0308    0.0136    0.0063    0.0093    0.0112    0.0159    0.0038    0.0848    0.5037    0.2276;
    0.0309    0.0135    0.0063    0.0094    0.0112    0.0157    0.0039    0.0845    0.4987    0.2229;
    0.0310    0.0134    0.0062    0.0093    0.0114    0.0159    0.0040    0.0845    0.4969    0.2222;
    0.0312    0.0133    0.0062    0.0093    0.0114    0.0161    0.0040    0.0840    0.4982    0.2247;
    0.0310    0.0132    0.0062    0.0092    0.0113    0.0161    0.0040    0.0832    0.4978    0.2268;
    0.0308    0.0133    0.0063    0.0092    0.0112    0.0159    0.0039    0.0842    0.5012    0.2265;
    0.0305    0.0133    0.0062    0.0092    0.0111    0.0158    0.0038    0.0858    0.5052    0.2248;
    0.0302    0.0131    0.0062    0.0090    0.0107    0.0158    0.0037    0.0858    0.5033    0.2233;
    0.0304    0.0132    0.0062    0.0088    0.0108    0.0161    0.0037    0.0861    0.4993    0.2286;
    0.0307    0.0134    0.0062    0.0087    0.0109    0.0161    0.0037    0.0854    0.5022    0.2312;
    0.0307    0.0133    0.0060    0.0087    0.0108    0.0159    0.0037    0.0851    0.5053    0.2287;
    0.0310    0.0131    0.0060    0.0088    0.0109    0.0158    0.0038    0.0854    0.5028    0.2285;
    0.0313    0.0132    0.0061    0.0089    0.0110    0.0156    0.0038    0.0855    0.4997    0.2298;
    0.0310    0.0134    0.0062    0.0090    0.0110    0.0159    0.0039    0.0856    0.5004    0.2299;
    0.0310    0.0135    0.0062    0.0091    0.0113    0.0162    0.0040    0.0855    0.5060    0.2316;
    0.0309    0.0135    0.0062    0.0093    0.0116    0.0161    0.0040    0.0858    0.5086    0.2363;
    0.0304    0.0134    0.0062    0.0093    0.0115    0.0160    0.0040    0.0857    0.5068    0.2353;
    0.0300    0.0132    0.0062    0.0092    0.0113    0.0160    0.0039    0.0860    0.5058    0.2316;
    0.0299    0.0131    0.0061    0.0091    0.0112    0.0160    0.0037    0.0861    0.5043    0.2288;
    0.0300    0.0132    0.0062    0.0091    0.0112    0.0159    0.0037    0.0861    0.5030    0.2285;
    0.0304    0.0133    0.0061    0.0091    0.0111    0.0158    0.0038    0.0858    0.5094    0.2282;
    0.0307    0.0134    0.0061    0.0092    0.0110    0.0157    0.0038    0.0853    0.5171    0.2308;
    0.0307    0.0133    0.0061    0.0090    0.0108    0.0158    0.0038    0.0863    0.5182    0.2284;
    0.0303    0.0132    0.0061    0.0089    0.0109    0.0161    0.0038    0.0852    0.5125    0.2282;
    0.0304    0.0133    0.0062    0.0089    0.0110    0.0161    0.0038    0.0848    0.5108    0.2299;
    0.0304    0.0133    0.0062    0.0089    0.0111    0.0160    0.0038    0.0842    0.5084    0.2302;
    0.0305    0.0133    0.0062    0.0090    0.0110    0.0161    0.0038    0.0839    0.5047    0.2276;
    0.0306    0.0133    0.0062    0.0090    0.0110    0.0161    0.0038    0.0839    0.5014    0.2255;
    0.0302    0.0132    0.0061    0.0091    0.0110    0.0160    0.0038    0.0838    0.5028    0.2237;
    0.0294    0.0131    0.0060    0.0091    0.0110    0.0159    0.0038    0.0843    0.5091    0.2210;
    0.0284    0.0132    0.0060    0.0090    0.0109    0.0159    0.0038    0.0844    0.5106    0.2171;
    0.0281    0.0132    0.0060    0.0090    0.0111    0.0159    0.0038    0.0840    0.5083    0.2164;
    0.0287    0.0132    0.0061    0.0090    0.0109    0.0160    0.0038    0.0841    0.5043    0.2129;
    0.0293    0.0132    0.0061    0.0091    0.0110    0.0160    0.0038    0.0842    0.4966    0.2184;
    0.0302    0.0132    0.0061    0.0091    0.0111    0.0160    0.0037    0.0845    0.4935    0.2238;
    0.0305    0.0131    0.0061    0.0091    0.0111    0.0161    0.0037    0.0846    0.4958    0.2261;
    0.0303    0.0130    0.0061    0.0090    0.0110    0.0159    0.0037    0.0844    0.4957    0.2242;
    0.0301    0.0131    0.0061    0.0090    0.0111    0.0156    0.0038    0.0837    0.4937    0.2239;
    0.0303    0.0132    0.0061    0.0090    0.0111    0.0156    0.0038    0.0832    0.4938    0.2250;
    0.0307    0.0133    0.0061    0.0089    0.0110    0.0159    0.0038    0.0840    0.4957    0.2263;
    0.0307    0.0133    0.0062    0.0089    0.0110    0.0160    0.0038    0.0842    0.4989    0.2271;
    0.0304    0.0133    0.0062    0.0089    0.0110    0.0159    0.0038    0.0831    0.4964    0.2272;
    0.0300    0.0132    0.0061    0.0089    0.0111    0.0159    0.0038    0.0832    0.4951    0.2244;
    0.0298    0.0130    0.0061    0.0088    0.0111    0.0160    0.0038    0.0845    0.4945    0.2200;
    0.0304    0.0129    0.0060    0.0087    0.0112    0.0161    0.0037    0.0846    0.4906    0.2181;
    0.0304    0.0129    0.0060    0.0088    0.0113    0.0161    0.0037    0.0841    0.4872    0.2181;
    0.0295    0.0130    0.0060    0.0088    0.0112    0.0160    0.0038    0.0846    0.4906    0.2168;
    0.0286    0.0130    0.0060    0.0087    0.0109    0.0158    0.0039    0.0835    0.4957    0.2151;
    0.0282    0.0131    0.0060    0.0086    0.0109    0.0158    0.0040    0.0818    0.4998    0.2151;
    0.0289    0.0132    0.0061    0.0088    0.0111    0.0158    0.0039    0.0822    0.5013    0.2170;
    0.0295    0.0132    0.0061    0.0089    0.0113    0.0157    0.0038    0.0834    0.4938    0.2188;
    0.0298    0.0131    0.0061    0.0089    0.0114    0.0157    0.0038    0.0829    0.4864    0.2204;
    0.0301    0.0131    0.0060    0.0089    0.0115    0.0158    0.0037    0.0820    0.4838    0.2212;
    0.0298    0.0129    0.0060    0.0089    0.0113    0.0156    0.0037    0.0813    0.4806    0.2171;
    0.0290    0.0128    0.0060    0.0087    0.0110    0.0154    0.0037    0.0807    0.4790    0.2122;
    0.0286    0.0129    0.0060    0.0087    0.0109    0.0155    0.0037    0.0809    0.4812    0.2138;
    0.0289    0.0132    0.0061    0.0087    0.0108    0.0158    0.0038    0.0812    0.4836    0.2168;
    0.0291    0.0133    0.0062    0.0087    0.0108    0.0158    0.0037    0.0823    0.4868    0.2186;
    0.0294    0.0131    0.0061    0.0087    0.0109    0.0158    0.0037    0.0832    0.4960    0.2188;
    0.0294    0.0129    0.0061    0.0087    0.0109    0.0156    0.0037    0.0820    0.4976    0.2195;
    0.0292    0.0129    0.0061    0.0088    0.0109    0.0155    0.0037    0.0810    0.4972    0.2217;
    0.0294    0.0130    0.0061    0.0088    0.0110    0.0157    0.0037    0.0822    0.5009    0.2265;
    0.0298    0.0130    0.0061    0.0087    0.0109    0.0158    0.0038    0.0837    0.5082    0.2283;
    0.0296    0.0127    0.0060    0.0086    0.0107    0.0157    0.0037    0.0846    0.5062    0.2257;
    0.0292    0.0126    0.0059    0.0086    0.0106    0.0157    0.0036    0.0841    0.4986    0.2227;
    0.0289    0.0127    0.0059    0.0088    0.0108    0.0156    0.0036    0.0825    0.4949    0.2238;
    0.0294    0.0127    0.0059    0.0089    0.0108    0.0155    0.0037    0.0819    0.4946    0.2202;
    0.0300    0.0127    0.0059    0.0090    0.0108    0.0154    0.0037    0.0822    0.4950    0.2217;
    0.0301    0.0131    0.0060    0.0088    0.0108    0.0155    0.0038    0.0823    0.4918    0.2218;
    0.0297    0.0131    0.0060    0.0086    0.0106    0.0157    0.0038    0.0821    0.4851    0.2162;
    0.0294    0.0132    0.0060    0.0086    0.0104    0.0155    0.0038    0.0813    0.4845    0.2104;
    0.0293    0.0132    0.0059    0.0087    0.0105    0.0153    0.0038    0.0805    0.4869    0.2126;
    0.0298    0.0133    0.0059    0.0087    0.0106    0.0154    0.0037    0.0799    0.4903    0.2165;
    0.0300    0.0130    0.0059    0.0086    0.0105    0.0159    0.0037    0.0800    0.4942    0.2185;
    0.0298    0.0127    0.0059    0.0085    0.0107    0.0159    0.0038    0.0803    0.4903    0.2216;
